0.025905172413793105
0.008120689655172413
0.005905172413793103
0.005405172413793104
0.005094827586206897
0.005318965517241379
0.0060086206896551725
0.006232758620689655
0.006267241379310345
0.006560344827586207
0.00621551724137931
0.005706896551724138
0.005508620689655172
0.005387931034482759
0.004775862068965517
0.0043275862068965516
0.0041810344827586205
0.004482758620689655
0.004370689655172413
0.003965517241379311
0.0035344827586206895
0.003586206896551724
0.003620689655172414
0.0034913793103448277
0.00346551724137931
0.0034482758620689655
0.00325
0.002810344827586207
0.003206896551724138
0.0030086206896551724
0.003103448275862069
0.0029913793103448277
0.0030517241379310347
0.0030086206896551724
0.002767241379310345
0.0025689655172413794
0.0025344827586206895
0.002413793103448276
0.0021293103448275863
0.002379310344827586
0.0022758620689655173
0.0022155172413793104
0.0023275862068965515
0.0023017241379310344
0.001896551724137931
0.0020775862068965517
0.0020689655172413794
0.0018793103448275861
0.001896551724137931
0.001810344827586207
0.0016551724137931034
0.0017413793103448277
0.0018017241379310344
0.0016724137931034483
0.0017672413793103448
0.001629310344827586
0.001793103448275862
0.001629310344827586
0.0015948275862068967
0.0015258620689655173
0.0016551724137931034
0.0014913793103448277
0.001629310344827586
0.001603448275862069
0.001732758620689655
0.001689655172413793
0.0015689655172413794
0.0017758620689655173
0.0014224137931034483
0.001629310344827586
0.0017672413793103448
0.001732758620689655
0.001543103448275862
0.0019051724137931034
0.0021982758620689657
0.001836206896551724
0.0019224137931034484
0.0017758620689655173
0.002
0.00196551724137931
0.002353448275862069
0.002232758620689655
0.0024310344827586207
0.0022413793103448275
0.0022155172413793104
0.0029482758620689655
0.0030689655172413794
0.0029913793103448277
0.0027844827586206897
0.003663793103448276
0.0031896551724137933
0.003232758620689655
0.0033448275862068967
0.003413793103448276
0.0033706896551724138
0.003646551724137931
0.0037155172413793104
0.0038620689655172414
0.003948275862068966
0.004025862068965517
0.004172413793103448
0.004206896551724138
0.004482758620689655
0.004724137931034483
0.004525862068965518
0.005
0.005103448275862069
0.005543103448275862
0.005672413793103449
0.005836206896551724
0.006060344827586207
0.005551724137931035
0.006318965517241379
0.006965517241379311
0.006517241379310344
0.006905172413793103
0.006629310344827586
0.006810344827586207
0.007189655172413793
0.006879310344827586
0.006767241379310345
0.007060344827586207
0.006775862068965517
0.007163793103448276
0.0067155172413793105
0.007094827586206896
0.006586206896551724
0.006836206896551724
0.006456896551724138
0.006827586206896552
0.00703448275862069
0.007146551724137931
0.007043103448275862
0.007508620689655172
0.007801724137931034
0.007043103448275862
0.007043103448275862
0.007793103448275862
0.00721551724137931
0.007344827586206896
0.007836206896551724
0.008224137931034483
0.00803448275862069
0.008060344827586207
0.008137931034482758
0.007706896551724138
0.007577586206896552
0.007629310344827586
0.008413793103448275
0.008155172413793103
0.008
0.007931034482758621
0.007655172413793103
0.007543103448275862
0.0072758620689655175
0.006758620689655172
0.006706896551724138
0.005844827586206897
0.005198275862068965
0.004913793103448276
0.004810344827586207
0.0039051724137931032
0.0033706896551724138
0.003206896551724138
0.003060344827586207
0.0026293103448275863
0.002318965517241379
0.001974137931034483
0.0018189655172413794
0.0014137931034482758
0.001396551724137931
0.001232758620689655
0.0011982758620689654
0.0011379310344827587
0.001
0.001232758620689655
0.0010172413793103447
0.0008275862068965517
0.0008620689655172414
0.0008275862068965517
0.000793103448275862
0.000896551724137931
0.0007327586206896552
0.000689655172413793
0.0008362068965517242
0.000853448275862069
0.0006724137931034483
0.0007241379310344827
0.0008706896551724138
0.0008017241379310345
0.0007327586206896552
0.0008620689655172414
0.0006982758620689655
0.000646551724137931
0.0007155172413793104
0.0007413793103448275
0.000603448275862069
0.00045689655172413793
0.0006293103448275862
0.0006120689655172414
0.0005603448275862069
0.0005
0.0004396551724137931
0.0005517241379310345
0.0005689655172413793
0.0004827586206896552
0.000646551724137931
0.00047413793103448276
0.00032758620689655175
0.00045689655172413793
0.0004827586206896552
0.0005172413793103448
0.00031896551724137933
0.00046551724137931035
0.0004913793103448275
0.0003793103448275862
0.0004310344827586207
0.00041379310344827585
0.0005086206896551724
0.0003879310344827586
0.0006379310344827587
0.0004396551724137931
0.0003448275862068965
0.0004396551724137931
0.0005344827586206897
0.00047413793103448276
0.0004827586206896552
0.00046551724137931035
0.0005517241379310345
0.0005517241379310345
0.00040517241379310344
0.0005517241379310345
0.0005603448275862069
0.0004827586206896552
0.0005862068965517242
0.0005517241379310345
0.0005948275862068965
0.0005862068965517242
0.0005
0.0005603448275862069
0.0006206896551724138
0.0006551724137931035
0.0007586206896551724
0.0007241379310344827
0.0008793103448275862
0.001629310344827586
0.003793103448275862
0.004396551724137931
0.0043275862068965516
0.004491379310344827
0.005267241379310345
0.004413793103448276
0.004724137931034483
0.004353448275862069
0.007689655172413793
0.14860344827586208
