0.15262946677833614
0.036946887213847014
0.027071119486320492
0.022691582914572864
0.021819165270798437
0.027812674483528754
0.021932579564489112
0.02570142378559464
0.024637074260189837
0.02201109715242881
0.023895519262981574
0.020903126744835288
0.021374232272473478
0.02174937185929648
0.01894891122278057
0.019219360692350643
0.017806044109436068
0.01843418481295366
0.017980527638190955
0.0163142099385818
0.015049204355108878
0.016881281407035174
0.014141890005583474
0.014045924064768286
0.013784198771635957
0.014377442769402568
0.014290201005025125
0.01189105248464545
0.011795086543830262
0.012187674483528754
0.01182998324958124
0.011734017308766052
0.011376326074818538
0.009901940256839754
0.010573701842546064
0.009317420435510888
0.009195281965382468
0.00916038525963149
0.00960531825795645
0.00850607202680067
0.00742427414852038
0.007607481853713009
0.00730213567839196
0.00736320491345617
0.006673994974874372
0.006307579564489112
0.005932439977666108
0.005967336683417085
0.005871370742601898
0.005129815745393635
0.005208333333333333
0.004902987158012284
0.004362088218872138
0.004266122278056951
0.003838637632607482
0.004152707984366275
0.003594360692350642
0.0034809463986599665
0.0033588079285315465
0.002992392518146287
0.0031145309882747068
0.0029836683417085426
0.0028004606365159127
0.0024776661083193746
0.0022246649916247904
0.0024340452261306534
0.0022159408151870463
0.002102526521496371
0.0020327331099944165
0.0019105946398659966
0.0018059045226130653
0.0015267308766052485
0.001893146286990508
0.0015965242881072026
0.00144821328866555
0.0017448352875488553
0.0014743858179787827
0.0012650055834729202
0.0012737297599106645
0.0013522473478503629
0.001256281407035176
0.0010905220547180346
0.0010556253489670574
0.0010120044667783362
0.0009683835845896147
0.0008375209380234506
0.0007415549972082635
0.0007764517029592407
0.0006543132328308208
0.0007415549972082635
0.000663037409268565
0.000663037409268565
0.0007590033500837521
0.0005845198213288666
0.0005583472920156337
0.000628140703517588
0.0006194165270798437
0.0006368648799553322
0.0005757956448911223
0.0005321747627024009
0.0005408989391401452
0.000567071468453378
0.0004885538805136795
0.0004187604690117253
0.0006194165270798437
0.0003925879396984925
0.0003315187046342825
0.0003664154103852596
0.0004274846454494696
0.0005147264098269124
0.0004623813512004467
0.0003402428810720268
0.0003053461753210497
0.0003751395868230039
0.00032279452819653827
0.00025300111669458405
0.0003838637632607482
0.0003315187046342825
0.0002966219988833054
0.0003053461753210497
0.00032279452819653827
0.00020938023450586265
0.00028789782244556116
0.00020938023450586265
0.00027917364600781687
0.00027917364600781687
0.0002966219988833054
0.0002617252931323283
0.00020938023450586265
0.0002617252931323283
0.00020938023450586265
0.00024427694025683976
0.0002966219988833054
0.00020938023450586265
0.00016575935231714125
0.0002617252931323283
0.00017448352875488554
0.00012213847012841988
0.00020065605806811836
0.0001919318816303741
0.000314070351758794
0.0001134142936906756
0.00010469011725293132
0.0001919318816303741
0.00010469011725293132
0.00012213847012841988
0.000157035175879397
0.0001134142936906756
0.00012213847012841988
0.00013958682300390843
0.00013958682300390843
0.0001832077051926298
0.000157035175879397
6.979341150195422e-05
9.596594081518705e-05
0.00013958682300390843
0.00013958682300390843
0.00012213847012841988
0.00013086264656616414
0.000157035175879397
8.724176437744277e-05
0.00013086264656616414
0.00012213847012841988
8.724176437744277e-05
0.00013958682300390843
0.00012213847012841988
9.596594081518705e-05
7.85175879396985e-05
7.85175879396985e-05
7.85175879396985e-05
0.000157035175879397
0.00010469011725293132
8.724176437744277e-05
0.0001134142936906756
8.724176437744277e-05
5.234505862646566e-05
0.00010469011725293132
8.724176437744277e-05
0.00010469011725293132
8.724176437744277e-05
6.106923506420994e-05
0.00012213847012841988
5.234505862646566e-05
9.596594081518705e-05
8.724176437744277e-05
7.85175879396985e-05
7.85175879396985e-05
6.979341150195422e-05
8.724176437744277e-05
4.3620882188721385e-05
6.106923506420994e-05
2.617252931323283e-05
4.3620882188721385e-05
6.106923506420994e-05
8.724176437744277e-05
1.7448352875488554e-05
6.979341150195422e-05
6.106923506420994e-05
1.7448352875488554e-05
3.489670575097711e-05
4.3620882188721385e-05
0.0
5.234505862646566e-05
2.617252931323283e-05
1.7448352875488554e-05
2.617252931323283e-05
6.106923506420994e-05
6.106923506420994e-05
8.724176437744277e-06
2.617252931323283e-05
8.724176437744277e-06
2.617252931323283e-05
0.0
1.7448352875488554e-05
8.724176437744277e-06
0.0
8.724176437744277e-06
0.0
8.724176437744277e-06
1.7448352875488554e-05
8.724176437744277e-06
0.0
1.7448352875488554e-05
0.0
8.724176437744277e-06
1.7448352875488554e-05
0.0
0.0
8.724176437744277e-06
1.7448352875488554e-05
8.724176437744277e-06
2.617252931323283e-05
8.724176437744277e-06
8.724176437744277e-06
8.724176437744277e-06
0.0
2.617252931323283e-05
8.724176437744277e-06
1.7448352875488554e-05
8.724176437744277e-06
3.489670575097711e-05
0.0
8.724176437744277e-06
8.724176437744277e-06
0.0
0.0
0.0
1.7448352875488554e-05
0.0
2.617252931323283e-05
0.0
8.724176437744277e-06
8.724176437744277e-06
8.724176437744277e-06
8.724176437744277e-06
0.0
0.0
8.724176437744277e-06
1.7448352875488554e-05
8.724176437744277e-06
1.7448352875488554e-05
0.0
4.3620882188721385e-05
8.724176437744277e-06
0.0
0.0
0.0
8.724176437744277e-06
0.0
2.617252931323283e-05
0.0
0.0
0.0
0.0
0.0
0.0
0.0
0.0
0.0
0.0
0.0
0.0
0.0
0.0
0.0
0.0
0.0
0.0
0.0
0.0
0.0
0.0
0.0
0.0
0.0
0.0
0.0
0.0
0.0
0.0
0.0
0.0
0.0
0.0
0.0
0.0
0.0
0.0
0.0
0.0
0.0
0.0
0.0
0.0
0.0
0.0
0.0
0.0
0.0
0.0
0.0
0.0
0.0
0.0
0.0
0.0
0.0
0.0
0.0
0.0
0.0
0.0
0.0
0.0
0.0
0.0
0.0
0.0
0.0
0.0
0.0
0.0
0.0
0.0
0.0
0.0
0.0
0.0
0.0
0.0
0.0
0.0
0.0
0.0
0.0
0.0
0.0
0.0
0.0
0.0
0.0
