0.003043859649122807
0.003144736842105263
0.003745614035087719
0.006114035087719298
0.006390350877192983
0.00612719298245614
0.007399122807017544
0.010447368421052632
0.012859649122807017
0.012403508771929824
0.011149122807017544
0.009657894736842105
0.008276315789473684
0.007767543859649123
0.008223684210526315
0.008328947368421052
0.00862719298245614
0.008342105263157895
0.008596491228070175
0.008986842105263158
0.009109649122807017
0.008605263157894737
0.009013157894736843
0.008710526315789474
0.009210526315789473
0.009399122807017544
0.00936842105263158
0.00924561403508772
0.008491228070175438
0.007618421052631579
0.007241228070175439
0.00675
0.006666666666666667
0.0064298245614035085
0.006600877192982456
0.0065175438596491225
0.00637280701754386
0.006289473684210526
0.006574561403508772
0.0067412280701754385
0.0063859649122807016
0.006359649122807017
0.00631140350877193
0.005881578947368421
0.006083333333333333
0.006048245614035087
0.006307017543859649
0.006131578947368421
0.006359649122807017
0.006824561403508772
0.006868421052631579
0.0060964912280701755
0.006342105263157895
0.006017543859649123
0.005526315789473684
0.005513157894736842
0.005171052631578948
0.004780701754385965
0.0048289473684210524
0.004644736842105263
0.00431578947368421
0.004302631578947369
0.003956140350877193
0.0037807017543859647
0.003600877192982456
0.003605263157894737
0.0034824561403508773
0.0034517543859649124
0.0030657894736842105
0.003118421052631579
0.0032105263157894736
0.0030043859649122808
0.003131578947368421
0.003087719298245614
0.0031403508771929824
0.0030526315789473684
0.0029342105263157896
0.002956140350877193
0.002807017543859649
0.0026403508771929824
0.0026096491228070175
0.0025482456140350877
0.002385964912280702
0.0025
0.0024517543859649124
0.0021491228070175438
0.0021798245614035087
0.0019780701754385966
0.0019298245614035089
0.0021096491228070175
0.001986842105263158
0.002100877192982456
0.002057017543859649
0.0021929824561403508
0.002057017543859649
0.00231140350877193
0.0021535087719298245
0.00218859649122807
0.002070175438596491
0.001969298245614035
0.0020263157894736842
0.0020526315789473684
0.0021096491228070175
0.0017675438596491228
0.0020789473684210526
0.0019254385964912282
0.001986842105263158
0.0019254385964912282
0.0020921052631578947
0.0019298245614035089
0.0017719298245614035
0.001793859649122807
0.0018157894736842105
0.0017675438596491228
0.0017149122807017545
0.0018552631578947368
0.0017017543859649124
0.0015701754385964912
0.001736842105263158
0.0018991228070175438
0.0017675438596491228
0.0018157894736842105
0.0017017543859649124
0.0016842105263157896
0.00175
0.0016184210526315789
0.0016885964912280703
0.0019122807017543859
0.001736842105263158
0.0018157894736842105
0.001942982456140351
0.0017894736842105263
0.0019605263157894738
0.0019605263157894738
0.001956140350877193
0.0019605263157894738
0.001942982456140351
0.002114035087719298
0.002131578947368421
0.0022412280701754384
0.0022105263157894735
0.0022105263157894735
0.002114035087719298
0.001973684210526316
0.0020964912280701754
0.00231140350877193
0.0024385964912280703
0.002416666666666667
0.002276315789473684
0.002469298245614035
0.002456140350877193
0.00225
0.0023771929824561405
0.0024385964912280703
0.0024473684210526317
0.002486842105263158
0.0024385964912280703
0.002429824561403509
0.0027368421052631577
0.002657894736842105
0.0026842105263157894
0.0028157894736842103
0.002942982456140351
0.0027149122807017543
0.0030964912280701754
0.0030219298245614036
0.003293859649122807
0.0034912280701754387
0.0036271929824561403
0.003368421052631579
0.0034517543859649124
0.0032675438596491226
0.0033026315789473682
0.0034210526315789475
0.0033508771929824563
0.0036710526315789473
0.0033289473684210524
0.0034210526315789475
0.003307017543859649
0.003105263157894737
0.003201754385964912
0.003513157894736842
0.0035833333333333333
0.003776315789473684
0.0036798245614035087
0.003732456140350877
0.0037587719298245613
0.004127192982456141
0.0041885964912280705
0.0043859649122807015
0.004425438596491228
0.004508771929824561
0.004640350877192983
0.004701754385964913
0.0040526315789473685
0.00437280701754386
0.004333333333333333
0.004421052631578947
0.004596491228070175
0.004890350877192982
0.004986842105263158
0.00506140350877193
0.005241228070175439
0.004530701754385965
0.0042763157894736845
0.003649122807017544
0.0036096491228070175
0.0035
0.0035964912280701754
0.0032543859649122805
0.0032149122807017543
0.003144736842105263
0.0033333333333333335
0.0035833333333333333
0.0033903508771929826
0.0030964912280701754
0.0035964912280701754
0.0035526315789473684
0.0038245614035087717
0.0037982456140350875
0.003644736842105263
0.0034912280701754387
0.003513157894736842
0.0029342105263157896
0.00287280701754386
0.0033157894736842103
0.003355263157894737
0.0034078947368421054
0.0038114035087719296
0.0037850877192982454
0.0043201754385964915
0.003925438596491228
0.00318859649122807
0.0026096491228070175
0.0023771929824561405
0.0022105263157894735
0.0022675438596491226
0.002114035087719298
0.002057017543859649
0.0021798245614035087
0.0019912280701754386
0.002162280701754386
0.00231140350877193
0.002070175438596491
0.0021535087719298245
0.002289473684210526
0.0023596491228070177
0.0028596491228070177
0.0033508771929824563
0.0035043859649122808
0.003600877192982456
0.0040526315789473685
0.004574561403508772
0.0064736842105263155
0.00462280701754386
0.0005307017543859649
