0.021184266402434707
0.09834825536131361
0.11206560973883502
0.0883864746266544
0.0719176870266827
0.08094168023214665
0.052387819378583056
0.05154292589709109
0.0455313539528629
0.03581729067874584
0.034804303206171706
0.02541758086205676
0.02640845070422535
0.02464788732394366
0.01961833816972185
0.01801702172836011
0.014739188902257767
0.015402717814424234
0.01235048481845849
0.010417403921013518
0.00901514615330172
0.00899745204897728
0.00725015924693892
0.006290254087338099
0.006175242409229245
0.005936372000849317
0.005379007714629486
0.004520843654894189
0.0040431028381343334
0.004140420411918749
0.0037511501167810887
0.003401691556373416
0.003012421261235756
0.002866444900559134
0.002760280274612499
0.0021586807275815697
0.0023002335621770827
0.0021719513058248993
0.00214983367541935
0.0018799985844716541
0.0016942104890650435
0.0017517163281194706
0.0016367046500106164
0.001627857597848397
0.0016190105456861774
0.0013978342416306887
0.0013624460329818104
0.0012385873027107369
0.0012208931983862976
0.0011545403071696512
0.0012164696723051878
0.0010793403637907849
0.0009289404770330526
0.0009687522117630405
0.0008891287423030646
0.0010881874159530045
0.0008581640597352962
0.0008404699554108571
0.000862587585816406
0.0007121876990586737
0.0006989171208153443
0.000725458277302003
0.0007431523816264421
0.0007033406468964542
0.0006237171774364781
0.0006015995470309293
0.0005750583905442707
0.0005839054427064902
0.0006325642295986978
0.0004954349210842947
0.000548517234057612
0.0004777408167598556
0.0005883289687876
0.0004821643428409654
0.0004644702385165263
0.00040696439946209925
0.00038484676905655037
0.00041581145162431876
0.00037157619081322105
0.00040696439946209925
0.0004335055559487579
0.00037157619081322105
0.00043792908202986764
0.0002565645127043669
0.0003936938212187699
0.000314070351758794
0.00034945856040767217
0.0003406115082454526
0.00024771746054214733
0.00035830561256989174
0.0002698350909476962
0.00034503503432656236
0.00024329393446103758
0.0002565645127043669
0.0002698350909476962
0.00026541156486658646
0.000314070351758794
0.00028310566919102553
0.00028310566919102553
0.000314070351758794
0.00028310566919102553
0.00026541156486658646
0.000314070351758794
0.00020790572581215938
0.00016809399108217143
0.00019905867364993984
0.00019021162148772028
0.00020348219973104963
0.00018136456932550075
0.0002565645127043669
0.00022559983013659848
0.00013270578243329323
0.00016367046500106165
0.00015924693891995186
0.00015039988675773233
0.00011501167810885413
0.00015039988675773233
0.000137129308514403
0.00012385873027107367
0.00016809399108217143
0.00019905867364993984
0.00015039988675773233
0.00014155283459551277
0.00012828225635218345
0.00014597636067662255
0.00014597636067662255
0.000137129308514403
0.00014155283459551277
0.00011501167810885413
0.0001194352041899639
0.00013270578243329323
7.519994337886616e-05
0.000137129308514403
0.00011501167810885413
0.00017251751716328118
0.00017694104324439096
0.00010616462594663458
0.00012828225635218345
0.00011501167810885413
0.00012385873027107367
0.000137129308514403
6.635289121664661e-05
8.404699554108571e-05
0.00012828225635218345
0.00011501167810885413
8.847052162219548e-05
6.192936513553683e-05
6.635289121664661e-05
0.00014597636067662255
0.00014155283459551277
5.7505839054427065e-05
0.00010616462594663458
6.192936513553683e-05
0.00011501167810885413
6.635289121664661e-05
9.289404770330526e-05
0.00010616462594663458
7.962346945997593e-05
0.00011501167810885413
0.00011501167810885413
3.538820864887819e-05
8.404699554108571e-05
0.00010616462594663458
7.077641729775638e-05
6.635289121664661e-05
3.9811734729987966e-05
7.077641729775638e-05
7.962346945997593e-05
6.192936513553683e-05
4.423526081109774e-05
4.423526081109774e-05
4.8658786892207516e-05
8.404699554108571e-05
6.192936513553683e-05
3.0964682567768417e-05
3.0964682567768417e-05
6.635289121664661e-05
4.8658786892207516e-05
5.308231297331729e-05
5.7505839054427065e-05
3.9811734729987966e-05
5.7505839054427065e-05
2.211763040554887e-05
5.308231297331729e-05
2.211763040554887e-05
5.308231297331729e-05
2.6541156486658645e-05
2.6541156486658645e-05
1.3270578243329323e-05
2.6541156486658645e-05
2.6541156486658645e-05
3.538820864887819e-05
3.9811734729987966e-05
3.0964682567768417e-05
4.423526081109774e-06
8.847052162219548e-06
1.3270578243329323e-05
2.211763040554887e-05
3.0964682567768417e-05
8.847052162219548e-06
2.6541156486658645e-05
4.423526081109774e-06
1.7694104324439096e-05
8.847052162219548e-06
0.0
4.423526081109774e-06
4.423526081109774e-06
4.423526081109774e-06
2.211763040554887e-05
8.847052162219548e-06
1.7694104324439096e-05
4.423526081109774e-06
0.0
0.0
8.847052162219548e-06
8.847052162219548e-06
8.847052162219548e-06
4.423526081109774e-06
1.3270578243329323e-05
1.3270578243329323e-05
0.0
1.7694104324439096e-05
4.423526081109774e-06
0.0
4.423526081109774e-06
4.423526081109774e-06
0.0
0.0
4.423526081109774e-06
4.423526081109774e-06
0.0
0.0
4.423526081109774e-06
0.0
0.0
0.0
0.0
0.0
0.0
0.0
0.0
0.0
0.0
0.0
0.0
0.0
0.0
0.0
0.0
0.0
0.0
0.0
0.0
0.0
0.0
0.0
0.0
0.0
0.0
0.0
0.0
0.0
0.0
0.0
0.0
0.0
0.0
0.0
0.0
0.0
0.0
0.0
0.0
0.0
0.0
0.0
0.0
0.0
0.0
0.0
0.0
0.0
0.0
0.0
0.0
0.0
0.0
0.0
0.0
0.0
0.0
0.0
0.0
0.0
0.0
0.0
0.0
0.0
0.0
0.0
0.0
0.0
0.0
0.0
0.0
0.0
0.0
0.0
0.0
0.0
0.0
0.0
0.0
0.0
0.0
0.0
0.0
0.0
0.0
0.0
0.0
0.0
0.0
0.0
0.0
0.0
0.0
0.0
0.0
0.0
0.0
0.0
0.0
0.0
0.0
0.0
0.0
0.0
0.0
0.0
0.0
0.0
0.0
0.0
0.0
0.0
0.0
0.0
0.0
0.0
0.0
0.0
0.0
0.0
0.0
0.0
0.0
0.0
0.0
0.0
0.0
